-2.305005118749158921e+00 -2.346273528647176754e+00 1.855423121148944698e+00 -1.067096296492170193e+00 -1.570992259912552091e+00 -7.342062974919686402e-01 5.421744304663399933e-02 5.417145004266499253e-02
-2.305011161319502566e+00 -2.348365105950096066e+00 1.860248800829245708e+00 -1.064354387536840196e+00 -1.571076144939062669e+00 -7.342046940583388803e-01 5.421744027119143605e-02 5.417146673609797569e-02
-2.310157914733612206e+00 -2.315335304448659759e+00 1.856269585201066885e+00 -1.088429615970918141e+00 -1.571111852570656664e+00 -7.379991568191560658e-01 5.422071116069664132e-02 5.416659962760473485e-02
-2.319985629110058678e+00 -2.245993159594449562e+00 1.840311612264516228e+00 -1.139629029957341499e+00 -1.571056589966999262e+00 -7.448116562001538821e-01 5.421795200462845715e-02 5.417052903537484393e-02
-2.331076316491397904e+00 -2.166300535000917016e+00 1.820968372162276250e+00 -1.198365124180490682e+00 -1.570974965578999960e+00 -7.524949135860818927e-01 5.421722294555789828e-02 5.417158915728223501e-02
-2.342510703019059282e+00 -2.083632588020678966e+00 1.800646976975989855e+00 -1.259192405492724598e+00 -1.570885972755980520e+00 -7.604339674279124717e-01 5.421707278442101929e-02 5.417180844286215852e-02
-2.354041597975635280e+00 -2.000089886159157615e+00 1.780020866290170867e+00 -1.320599087345239120e+00 -1.570794959561820914e+00 -7.684513099046204054e-01 5.421709860532093750e-02 5.417177194503678545e-02
-2.365601908711183032e+00 -1.916277593353250541e+00 1.759278451529190379e+00 -1.382165573614935639e+00 -1.570703437110226863e+00 -7.764948198970301751e-01 5.421718562400323210e-02 5.417164801702688270e-02
-2.377172909174138926e+00 -1.832376750277079358e+00 1.738472386762286215e+00 -1.443775474267576131e+00 -1.570611836643056369e+00 -7.845486091198177192e-01 5.421729926647070319e-02 5.417148721914431808e-02
-2.388748984054204882e+00 -1.748448207924897302e+00 1.717617323206938273e+00 -1.505396553149403349e+00 -1.570520279081466297e+00 -7.926074418934211385e-01 5.421742732837971784e-02 5.417130710330606003e-02
-2.399827899844579449e+00 -1.667993124520345427e+00 1.697526113684237448e+00 -1.564289823875353536e+00 -1.570435766492918495e+00 -8.003007190132950255e-01 5.421716208516718510e-02 5.417172947513235193e-02
-2.410425931057816218e+00 -1.591075204879194960e+00 1.678306583164538290e+00 -1.620710936164622140e+00 -1.570351489560548819e+00 -8.076842765164098381e-01 5.421764128772128127e-02 5.417103005949774203e-02
-2.420897745346469510e+00 -1.515181941283634481e+00 1.659312737651483571e+00 -1.676439132638399387e+00 -1.570268235323272421e+00 -8.149806017163377936e-01 5.421786318897006685e-02 5.417071163556068381e-02
-2.431337293963479418e+00 -1.439606355684161620e+00 1.640359714527730217e+00 -1.731972384841712564e+00 -1.570185626539678747e+00 -8.222527221376308981e-01 5.421800997307604092e-02 5.417050443639284674e-02
-2.441769074454097854e+00 -1.364155156921495138e+00 1.621394426252876553e+00 -1.787450248139455411e+00 -1.570103323410995344e+00 -8.295184318469798201e-01 5.421813462190574334e-02 5.417033037141408269e-02
-2.452199372755067053e+00 -1.288780369903444578e+00 1.602401895020918898e+00 -1.842911858328638353e+00 -1.570021160362991441e+00 -8.367827026566574400e-01 5.421825223479603134e-02 5.417016720337269886e-02
-2.462688766481706093e+00 -1.213576429792200706e+00 1.583376119926031889e+00 -1.898192617278084082e+00 -1.570136466303010403e+00 -8.440156743260969208e-01 5.421833485195932945e-02 5.416997922424224288e-02
-2.470678753562117969e+00 -1.176005504385727152e+00 1.567674922110682489e+00 -1.924806652230050208e+00 -1.575006048942009684e+00 -8.485266788280659833e-01 4.634860351021988234e-02 4.705785489455559939e-02
-2.470041981472831605e+00 -1.174245499259769954e+00 1.564906897926239493e+00 -1.924144206307247362e+00 -1.575906555319235514e+00 -8.480714600548265869e-01 4.623523230386789723e-02 4.608563168701047819e-02
-2.474766414425150884e+00 -1.170642275373602326e+00 1.559168844638249229e+00 -1.937543799799953392e+00 -1.581407788390249314e+00 -8.491295433782476421e-01 2.559137291772956707e-02 2.677138055839652087e-02
-2.472602639659639667e+00 -1.169627591537137468e+00 1.558085888639572758e+00 -1.935756532722340939e+00 -1.576893330364992574e+00 -8.497525024952471417e-01 1.632262877478315652e-02 1.737552292055045619e-02
-2.471847354727199075e+00 -1.170157333273052380e+00 1.528401815147518938e+00 -1.891620929071743396e+00 -1.575000432761672897e+00 -8.496565621941458701e-01 1.791380546319689890e-02 1.887380835703345375e-02
-2.472930776514517426e+00 -1.179685269224275856e+00 1.448087628045620745e+00 -1.788947332912885768e+00 -1.575657127002058733e+00 -8.497126315114268413e-01 1.735528658582998277e-02 1.814616716692784779e-02
-2.472643821268555531e+00 -1.198169676057215138e+00 1.349155953264000507e+00 -1.672634536509492786e+00 -1.573251323368908272e+00 -8.500121377876987960e-01 1.722899929767424815e-02 1.801280869772882431e-02
